10.988655
10.986692
10.982803
10.982562
10.975492
10.978777
10.967451
10.964095
10.960372
10.957147
10.953211
10.949852
10.964725
10.942752
10.939230
10.935201
10.956716
10.928099
10.924569
10.921243
10.917388
10.947038
10.910383
10.907053
10.941273
10.899639
10.937232
10.935410
10.888906
10.931950
10.881715
10.879581
10.876326
10.873003
10.988655
10.984699
10.984725
10.976800
10.980483
10.978379
10.965622
10.962179
10.972799
10.954815
10.950986
10.954517
10.943144
10.939316
10.960853
10.931922
10.957111
10.955021
10.931414
10.917314
10.913520
10.947066
10.945362
10.924308
10.911275
10.907497
10.937612
10.935695
10.933422
10.893991
10.925352
10.927534
10.883267
10.891995
10.876032
10.872645
10.860561
10.857365
10.861591
10.894250
10.910719
10.850732
10.840886
10.843387
10.839794
10.874327
10.832282
