round 1:

move commenced by: MRX

SD: 9.874120

total sims: 1286

visits for each move: 
24, 
24, 
24, 
24, 
24, 
24, 
24, 
24, 
24, 
24, 
24, 
24, 
24, 
24, 
24, 
24, 
24, 
24, 
24, 
24, 
24, 
24, 
24, 
24, 
24, 
24, 
24, 
24, 
24, 
24, 
24, 
24, 
24, 
24, 
24, 
24, 
24, 
24, 
24, 
24, 
24, 
24, 
24, 
24, 
24, 
24, 
24, 
13, 
1, 
1, 
1, 
1, 
1, 
1, 
1, 
1, 
1, 
1, 
1, 
1, 
1, 
1, 
1, 
1, 
1, 
1, 
1, 
1, 
1, 
1, 
1, 
1, 
1, 
1, 
1, 
1, 
1, 
1, 
1, 
1, 
1, 
1, 
1, 
1, 
1, 
1, 
1, 
1, 
1, 
1, 
1, 
1, 
1, 
1, 
1, 
1, 
1, 
1, 
1, 
1, 
1, 
1, 
1, 
1, 
1, 
1, 
1, 
1, 
1, 
1, 
1, 
1, 
1, 
1, 
1, 
1, 
1, 
1, 
1, 
1, 
1, 
1, 
1, 
1, 
1, 
1, 
1, 
1, 
1, 
1, 
1, 
1, 
1, 
1, 
1, 
1, 
1, 
1, 
1, 
1, 
1, 
1, 
1, 
1, 
1, 
1, 
1, 
1, 
1, 
1, 
1, 
1, 
1, 
1, 
1, 
1, 
1, 
1, 
1, 
1, 
1, 
1, 
1, 
1, 
1, 
1, 
1, 
1, 
1, 
1, 
1, 
1, 
1, 
1, 
1, 
1, 
1, 
1, 
1, 
1, 
1, 
1, 
1, 
1, 
1, 
1, 
1, 
1, 
1, 
1, 
1, 
1, 
1, 


montecarlo vals: 
0.500000 
0.416667 
0.500000 
0.416667 
0.083333 
0.416667 
0.416667 
0.500000 
0.416667 
0.416667 
0.333333 
0.333333 
0.500000 
0.333333 
0.333333 
0.250000 
0.416667 
0.333333 
-0.333333 
0.250000 
0.250000 
0.583333 
0.500000 
0.500000 
0.083333 
0.083333 
0.500000 
0.166667 
0.500000 
0.666667 
0.583333 
0.750000 
0.666667 
0.500000 
0.500000 
0.666667 
0.416667 
0.583333 
0.416667 
0.166667 
0.416667 
0.500000 
0.416667 
0.416667 
0.666667 
0.500000 
0.666667 
0.230769 
1.000000 
-1.000000 
-1.000000 
1.000000 
-1.000000 
-1.000000 
1.000000 
-1.000000 
1.000000 
-1.000000 
-1.000000 
-1.000000 
1.000000 
-1.000000 
1.000000 
1.000000 
-1.000000 
1.000000 
-1.000000 
1.000000 
-1.000000 
1.000000 
-1.000000 
-1.000000 
-1.000000 
1.000000 
1.000000 
-1.000000 
-1.000000 
1.000000 
-1.000000 
1.000000 
1.000000 
-1.000000 
-1.000000 
-1.000000 
-1.000000 
-1.000000 
-1.000000 
-1.000000 
-1.000000 
1.000000 
-1.000000 
-1.000000 
-1.000000 
-1.000000 
-1.000000 
-1.000000 
-1.000000 
-1.000000 
1.000000 
1.000000 
-1.000000 
-1.000000 
1.000000 
-1.000000 
1.000000 
-1.000000 
1.000000 
-1.000000 
-1.000000 
-1.000000 
-1.000000 
-1.000000 
-1.000000 
-1.000000 
1.000000 
-1.000000 
-1.000000 
1.000000 
-1.000000 
1.000000 
-1.000000 
-1.000000 
-1.000000 
-1.000000 
1.000000 
-1.000000 
-1.000000 
-1.000000 
-1.000000 
1.000000 
-1.000000 
1.000000 
-1.000000 
-1.000000 
1.000000 
1.000000 
1.000000 
1.000000 
1.000000 
-1.000000 
1.000000 
-1.000000 
-1.000000 
-1.000000 
1.000000 
-1.000000 
1.000000 
-1.000000 
-1.000000 
-1.000000 
-1.000000 
-1.000000 
-1.000000 
1.000000 
-1.000000 
1.000000 
-1.000000 
-1.000000 
-1.000000 
1.000000 
-1.000000 
-1.000000 
1.000000 
1.000000 
-1.000000 
1.000000 
1.000000 
-1.000000 
1.000000 
-1.000000 
-1.000000 
1.000000 
1.000000 
1.000000 
1.000000 
-1.000000 
-1.000000 
-1.000000 
1.000000 
-1.000000 
-1.000000 
-1.000000 
-1.000000 
-1.000000 
-1.000000 
1.000000 
-1.000000 
-1.000000 
-1.000000 
1.000000 
-1.000000 
1.000000 
-1.000000 



move commenced by: RED

SD: 0.499527

total sims: 12

visits for each move: 
1, 
1, 
1, 
1, 
1, 
1, 
1, 
1, 
1, 
1, 
1, 
1, 
0, 
0, 
0, 
0, 
0, 
0, 
0, 
0, 
0, 
0, 
0, 


montecarlo vals: 
-1.000000 
1.000000 
-1.000000 
1.000000 
1.000000 
-1.000000 
1.000000 
-1.000000 
-1.000000 
1.000000 
1.000000 
-1.000000 
-2.000000 
-2.000000 
-2.000000 
-2.000000 
-2.000000 
-2.000000 
-2.000000 
-2.000000 
-2.000000 
-2.000000 
-2.000000 



move commenced by: GREEN

SD: 0.497494

total sims: 9

visits for each move: 
1, 
1, 
1, 
1, 
1, 
1, 
1, 
1, 
1, 
0, 
0, 
0, 
0, 
0, 
0, 
0, 
0, 
0, 
0, 
0, 


montecarlo vals: 
1.000000 
-1.000000 
-1.000000 
1.000000 
1.000000 
-1.000000 
-1.000000 
1.000000 
-1.000000 
-2.000000 
-2.000000 
-2.000000 
-2.000000 
-2.000000 
-2.000000 
-2.000000 
-2.000000 
-2.000000 
-2.000000 
-2.000000 



move commenced by: BLUE

SD: 0.463512

total sims: 5

visits for each move: 
1, 
1, 
1, 
1, 
1, 
0, 
0, 
0, 
0, 
0, 
0, 
0, 
0, 
0, 
0, 
0, 


montecarlo vals: 
1.000000 
1.000000 
-1.000000 
1.000000 
-1.000000 
-2.000000 
-2.000000 
-2.000000 
-2.000000 
-2.000000 
-2.000000 
-2.000000 
-2.000000 
-2.000000 
-2.000000 
-2.000000 



move commenced by: YELLOW

SD: 420.162354

total sims: 2575

visits for each move: 
857, 
857, 
845, 
4, 
4, 
4, 
4, 


montecarlo vals: 
-0.327888 
-0.334889 
-0.311242 
-0.500000 
0.500000 
0.000000 
0.500000 



round 1:

move commenced by: MRX

SD: 7.077955

total sims: 595

visits for each move: 
20, 
20, 
20, 
20, 
20, 
20, 
20, 
20, 
20, 
20, 
20, 
20, 
20, 
20, 
20, 
20, 
20, 
20, 
20, 
20, 
20, 
20, 
20, 
17, 
1, 
1, 
1, 
1, 
1, 
1, 
1, 
1, 
1, 
1, 
1, 
1, 
1, 
1, 
1, 
1, 
1, 
1, 
1, 
1, 
1, 
1, 
1, 
1, 
1, 
1, 
1, 
1, 
1, 
1, 
1, 
1, 
1, 
1, 
1, 
1, 
1, 
1, 
1, 
1, 
1, 
1, 
1, 
1, 
1, 
1, 
1, 
1, 
1, 
1, 
1, 
1, 
1, 
1, 
1, 
1, 
1, 
1, 
1, 
1, 
1, 
1, 
1, 
1, 
1, 
1, 
1, 
1, 
1, 
1, 
1, 
1, 
1, 
1, 
1, 
1, 
1, 
1, 
1, 
1, 
1, 
1, 
1, 
1, 
1, 
1, 
1, 
1, 
1, 
1, 
1, 
1, 
1, 
1, 
1, 
1, 
1, 
1, 
1, 
1, 
1, 
1, 
1, 
1, 
1, 
1, 
1, 
1, 
1, 
1, 
1, 
1, 
1, 
1, 
1, 
1, 
1, 
1, 


montecarlo vals: 
0.400000 
0.300000 
0.400000 
0.300000 
0.400000 
0.300000 
0.200000 
0.500000 
0.600000 
0.300000 
0.400000 
0.300000 
0.500000 
0.300000 
0.600000 
0.400000 
0.100000 
0.400000 
0.600000 
0.100000 
0.300000 
0.500000 
0.500000 
0.764706 
-1.000000 
1.000000 
-1.000000 
-1.000000 
-1.000000 
1.000000 
-1.000000 
-1.000000 
1.000000 
-1.000000 
-1.000000 
1.000000 
-1.000000 
-1.000000 
-1.000000 
1.000000 
1.000000 
-1.000000 
1.000000 
-1.000000 
-1.000000 
-1.000000 
-1.000000 
-1.000000 
-1.000000 
-1.000000 
-1.000000 
-1.000000 
-1.000000 
-1.000000 
-1.000000 
-1.000000 
-1.000000 
-1.000000 
-1.000000 
1.000000 
-1.000000 
-1.000000 
-1.000000 
-1.000000 
-1.000000 
-1.000000 
1.000000 
-1.000000 
-1.000000 
-1.000000 
1.000000 
1.000000 
1.000000 
-1.000000 
-1.000000 
-1.000000 
-1.000000 
-1.000000 
-1.000000 
1.000000 
-1.000000 
-1.000000 
-1.000000 
-1.000000 
1.000000 
-1.000000 
1.000000 
-1.000000 
-1.000000 
-1.000000 
-1.000000 
-1.000000 
-1.000000 
-1.000000 
-1.000000 
-1.000000 
-1.000000 
-1.000000 
-1.000000 
1.000000 
-1.000000 
-1.000000 
-1.000000 
1.000000 
-1.000000 
-1.000000 
-1.000000 
1.000000 
-1.000000 
-1.000000 
-1.000000 
1.000000 
-1.000000 
-1.000000 
1.000000 
-1.000000 
-1.000000 
-1.000000 
-1.000000 
-1.000000 
-1.000000 
-1.000000 
1.000000 
-1.000000 
-1.000000 
1.000000 
-1.000000 
-1.000000 
1.000000 
1.000000 
-1.000000 
1.000000 
1.000000 
-1.000000 
1.000000 
-1.000000 
-1.000000 
-1.000000 
-1.000000 
-1.000000 
-1.000000 
-1.000000 



move commenced by: GREEN

SD: 59.140839

total sims: 745

visits for each move: 
207, 
207, 
77, 
16, 
16, 
16, 
16, 
16, 
16, 
16, 
16, 
15, 
15, 
15, 
15, 
15, 
17, 
17, 
17, 


montecarlo vals: 
0.410628 
0.400966 
0.532468 
0.750000 
0.125000 
0.750000 
0.250000 
0.500000 
0.250000 
0.125000 
0.375000 
0.733333 
0.600000 
0.200000 
0.600000 
0.466667 
0.411765 
0.294118 
0.411765 



move commenced by: WHITE

SD: 42.292316

total sims: 759

visits for each move: 
107, 
107, 
107, 
90, 
90, 
90, 
74, 
11, 
11, 
11, 
11, 
11, 
13, 
13, 
13, 


montecarlo vals: 
0.476636 
0.588785 
0.345794 
0.444445 
0.511111 
0.400000 
0.297297 
0.636364 
0.090909 
0.272727 
0.636364 
0.454545 
0.076923 
0.230769 
0.384615 



