time taken: 29.000000 seconds

speed: 202.241379 visits per second

move commenced by: WHITE

SD: 54.625858

total sims: 5865

visits for each move: 
230, 298, 363, 315, 240, 278, 224, 288, 183, 254, 212, 175, 201, 254, 246, 230, 166, 183, 179, 382, 220, 262, 236, 246, 

num of wins: 
81.000000 115.000000 149.000000 124.000000 86.000000 105.000000 78.000000 110.000000 58.000000 93.000000 72.000000 54.000000 68.000000 93.000000 89.000000 81.000000 50.000000 58.000000 56.000000 159.000000 76.000000 97.000000 84.000000 89.000000 


