round 1:

time taken: 119.000000 seconds

speed: 25.798319 visits per second

move commenced by: MRX

SD: 0.430901

total sims: 3070

visits for each move: 
23, 23, 23, 23, 22, 22, 23, 23, 23, 23, 22, 22, 22, 22, 22, 23, 22, 23, 22, 22, 23, 22, 22, 22, 22, 22, 22, 22, 22, 22, 22, 22, 22, 22, 22, 22, 23, 22, 22, 22, 22, 22, 22, 22, 22, 22, 23, 22, 22, 22, 22, 23, 23, 22, 22, 22, 22, 22, 23, 22, 23, 22, 22, 22, 22, 22, 22, 22, 22, 22, 22, 23, 22, 23, 22, 22, 22, 22, 22, 22, 22, 23, 22, 23, 22, 22, 22, 23, 22, 23, 22, 22, 23, 23, 22, 22, 22, 23, 22, 22, 22, 22, 22, 22, 22, 23, 22, 22, 22, 22, 22, 22, 22, 22, 23, 22, 22, 22, 22, 23, 22, 22, 23, 23, 22, 22, 22, 22, 22, 22, 22, 22, 23, 22, 22, 22, 23, 23, 

num of wins: 
18.000000 20.000000 18.000000 18.000000 14.000000 15.000000 17.000000 22.000000 20.000000 18.000000 16.000000 16.000000 16.000000 16.000000 15.000000 18.000000 16.000000 21.000000 13.000000 16.000000 21.000000 16.000000 16.000000 15.000000 12.000000 16.000000 13.000000 15.000000 14.000000 15.000000 16.000000 16.000000 15.000000 16.000000 14.000000 12.000000 20.000000 14.000000 14.000000 16.000000 13.000000 13.000000 16.000000 16.000000 12.000000 14.000000 19.000000 16.000000 13.000000 17.000000 15.000000 20.000000 20.000000 14.000000 11.000000 17.000000 15.000000 16.000000 20.000000 12.000000 20.000000 15.000000 15.000000 14.000000 15.000000 12.000000 10.000000 13.000000 13.000000 17.000000 17.000000 20.000000 13.000000 18.000000 12.000000 13.000000 14.000000 16.000000 16.000000 15.000000 14.000000 21.000000 12.000000 20.000000 15.000000 13.000000 16.000000 19.000000 16.000000 19.000000 15.000000 17.000000 19.000000 19.000000 16.000000 16.000000 14.000000 20.000000 16.000000 14.000000 14.000000 10.000000 16.000000 16.000000 16.000000 20.000000 17.000000 16.000000 14.000000 14.000000 17.000000 12.000000 17.000000 17.000000 20.000000 15.000000 16.000000 15.000000 14.000000 18.000000 12.000000 16.000000 18.000000 18.000000 13.000000 16.000000 17.000000 14.000000 17.000000 13.000000 10.000000 14.000000 20.000000 15.000000 17.000000 16.000000 20.000000 19.000000 


