time taken: 10.000000 seconds

speed: 162.699997 visits per second

move commenced by: GREEN

SD: 17.248106

total sims: 1627

visits for each move: 
53, 38, 74, 65, 65, 81, 76, 81, 65, 124, 77, 86, 45, 82, 71, 71, 79, 49, 87, 56, 77, 60, 65, 

num of wins: 
14.000000 7.000000 26.000000 21.000000 21.000000 30.000000 27.000000 30.000000 21.000000 57.000000 28.000000 33.000000 10.000000 31.000000 24.000000 24.000000 29.000000 12.000000 34.000000 16.000000 28.000000 18.000000 21.000000 


time taken: 10.000000 seconds

speed: 170.399994 visits per second

move commenced by: BLUE

SD: 34.699585

total sims: 1704

visits for each move: 
156, 164, 119, 82, 137, 97, 175, 133, 87, 111, 175, 62, 97, 109, 

num of wins: 
57.000000 61.000000 38.000000 20.000000 47.000000 27.000000 67.000000 45.000000 23.000000 34.000000 67.000000 11.000000 27.000000 33.000000 


time taken: 10.000000 seconds

speed: 87.099998 visits per second

move commenced by: RED

SD: 16.213882

total sims: 871

visits for each move: 
101, 109, 81, 80, 71, 74, 62, 105, 108, 80, 

num of wins: 
42.000000 47.000000 30.000000 29.000000 24.000000 26.000000 19.000000 44.000000 46.000000 29.000000 


time taken: 10.000000 seconds

speed: 175.399994 visits per second

move commenced by: WHITE

SD: 58.690125

total sims: 1754

visits for each move: 
329, 217, 297, 311, 172, 247, 181, 

num of wins: 
126.000000 74.000000 110.000000 117.000000 51.000000 86.000000 55.000000 


time taken: 10.000000 seconds

speed: 174.899994 visits per second

move commenced by: YELLOW

SD: 155.287430

total sims: 1749

visits for each move: 
629, 374, 219, 527, 

num of wins: 
228.000000 116.000000 54.000000 181.000000 


round 3:

time taken: 10.000000 seconds

speed: 184.600006 visits per second

move commenced by: MRX

SD: 1.443422

total sims: 1846

visits for each move: 
3, 6, 5, 8, 6, 7, 6, 6, 7, 4, 5, 3, 4, 6, 5, 8, 6, 8, 5, 6, 6, 6, 7, 7, 6, 6, 6, 8, 6, 5, 6, 8, 6, 8, 8, 5, 8, 5, 6, 7, 4, 7, 6, 6, 5, 6, 6, 6, 8, 6, 6, 3, 4, 6, 6, 8, 6, 7, 8, 6, 8, 6, 8, 6, 8, 6, 6, 6, 6, 6, 7, 6, 8, 6, 6, 4, 6, 6, 7, 7, 7, 6, 6, 9, 7, 6, 8, 4, 7, 8, 8, 6, 6, 6, 5, 8, 6, 6, 7, 6, 6, 7, 7, 6, 8, 5, 8, 6, 4, 8, 5, 6, 6, 4, 9, 8, 3, 9, 9, 6, 9, 8, 6, 8, 8, 8, 7, 3, 6, 3, 6, 4, 5, 5, 6, 6, 4, 8, 6, 8, 6, 6, 8, 6, 8, 8, 3, 6, 8, 8, 6, 6, 6, 8, 6, 5, 6, 8, 6, 7, 8, 6, 8, 6, 8, 6, 5, 6, 8, 6, 4, 4, 5, 6, 6, 8, 6, 5, 6, 6, 5, 6, 4, 6, 4, 8, 6, 6, 6, 5, 6, 6, 4, 3, 6, 5, 7, 6, 6, 8, 4, 6, 6, 6, 6, 6, 4, 3, 4, 3, 5, 8, 4, 5, 8, 3, 8, 8, 8, 7, 7, 4, 4, 7, 4, 6, 6, 3, 6, 5, 4, 4, 9, 4, 5, 6, 5, 4, 6, 8, 6, 7, 8, 6, 7, 6, 8, 8, 7, 6, 7, 4, 7, 6, 8, 7, 8, 4, 8, 6, 7, 6, 8, 5, 7, 3, 4, 8, 7, 9, 8, 5, 4, 8, 6, 6, 9, 6, 4, 8, 6, 5, 8, 7, 6, 6, 8, 6, 6, 6, 7, 7, 4, 8, 5, 6, 6, 6, 6, 

num of wins: 
0.000000 4.000000 2.000000 7.000000 4.000000 5.000000 4.000000 4.000000 5.000000 1.000000 2.000000 0.000000 1.000000 4.000000 2.000000 7.000000 4.000000 7.000000 2.000000 4.000000 4.000000 4.000000 5.000000 5.000000 3.000000 4.000000 4.000000 7.000000 3.000000 2.000000 3.000000 7.000000 3.000000 7.000000 6.000000 2.000000 7.000000 2.000000 4.000000 5.000000 1.000000 5.000000 3.000000 4.000000 2.000000 3.000000 4.000000 4.000000 7.000000 3.000000 3.000000 0.000000 1.000000 4.000000 4.000000 7.000000 3.000000 5.000000 7.000000 4.000000 6.000000 4.000000 6.000000 4.000000 6.000000 3.000000 4.000000 4.000000 4.000000 4.000000 5.000000 4.000000 7.000000 4.000000 4.000000 1.000000 4.000000 3.000000 5.000000 5.000000 5.000000 3.000000 3.000000 8.000000 5.000000 3.000000 7.000000 1.000000 5.000000 7.000000 7.000000 4.000000 4.000000 4.000000 2.000000 7.000000 3.000000 4.000000 5.000000 4.000000 4.000000 5.000000 5.000000 4.000000 6.000000 2.000000 7.000000 4.000000 1.000000 7.000000 2.000000 4.000000 4.000000 1.000000 9.000000 7.000000 0.000000 8.000000 9.000000 4.000000 9.000000 6.000000 4.000000 7.000000 7.000000 7.000000 5.000000 0.000000 3.000000 0.000000 4.000000 1.000000 2.000000 2.000000 4.000000 4.000000 1.000000 7.000000 4.000000 6.000000 4.000000 4.000000 7.000000 4.000000 7.000000 7.000000 0.000000 3.000000 6.000000 6.000000 4.000000 4.000000 4.000000 6.000000 3.000000 2.000000 4.000000 6.000000 4.000000 5.000000 7.000000 4.000000 7.000000 3.000000 6.000000 4.000000 2.000000 4.000000 7.000000 3.000000 1.000000 1.000000 2.000000 4.000000 3.000000 7.000000 4.000000 2.000000 4.000000 3.000000 2.000000 4.000000 1.000000 4.000000 1.000000 6.000000 3.000000 4.000000 4.000000 2.000000 3.000000 4.000000 1.000000 0.000000 4.000000 2.000000 5.000000 4.000000 3.000000 6.000000 1.000000 4.000000 4.000000 4.000000 4.000000 4.000000 1.000000 0.000000 1.000000 0.000000 2.000000 7.000000 1.000000 2.000000 7.000000 0.000000 6.000000 6.000000 7.000000 5.000000 5.000000 1.000000 1.000000 5.000000 1.000000 4.000000 4.000000 0.000000 4.000000 2.000000 1.000000 1.000000 8.000000 1.000000 2.000000 4.000000 2.000000 1.000000 4.000000 7.000000 4.000000 5.000000 7.000000 4.000000 5.000000 4.000000 7.000000 7.000000 5.000000 4.000000 5.000000 1.000000 5.000000 3.000000 7.000000 5.000000 7.000000 1.000000 7.000000 4.000000 5.000000 3.000000 6.000000 2.000000 5.000000 0.000000 1.000000 7.000000 5.000000 9.000000 7.000000 2.000000 1.000000 7.000000 3.000000 3.000000 9.000000 4.000000 1.000000 7.000000 4.000000 2.000000 7.000000 5.000000 4.000000 4.000000 7.000000 4.000000 4.000000 4.000000 6.000000 6.000000 1.000000 7.000000 2.000000 4.000000 4.000000 4.000000 4.000000 


