 round 1:

time taken: 10.000000 seconds

speed: 165.600006 visits per second

move commenced by: MRX

SD: 5.800053

total sims: 1656

visits for each move: 
14, 13, 18, 18, 17, 24, 25, 26, 25, 11, 25, 25, 21, 18, 9, 22, 20, 19, 14, 13, 26, 25, 22, 25, 33, 23, 24, 27, 23, 29, 27, 25, 21, 20, 11, 21, 26, 22, 34, 21, 20, 25, 25, 30, 25, 28, 19, 25, 22, 25, 15, 22, 34, 25, 30, 14, 19, 25, 20, 9, 25, 28, 28, 24, 26, 15, 30, 25, 24, 20, 29, 34, 16, 13, 

num of wins: 
5.000000 4.000000 9.000000 9.000000 8.000000 15.000000 17.000000 18.000000 17.000000 3.000000 17.000000 17.000000 12.000000 9.000000 1.000000 13.000000 11.000000 10.000000 5.000000 4.000000 18.000000 17.000000 13.000000 17.000000 25.000000 14.000000 15.000000 19.000000 14.000000 21.000000 19.000000 17.000000 12.000000 11.000000 3.000000 12.000000 18.000000 13.000000 26.000000 12.000000 11.000000 17.000000 16.000000 22.000000 17.000000 20.000000 10.000000 17.000000 13.000000 17.000000 6.000000 13.000000 26.000000 17.000000 22.000000 5.000000 10.000000 16.000000 11.000000 1.000000 17.000000 20.000000 20.000000 16.000000 18.000000 6.000000 22.000000 17.000000 15.000000 11.000000 21.000000 26.000000 7.000000 4.000000 


